> source("cachematrix.R")
> m <- matrix(runif(9),3,3)
> m
          [,1]        [,2]      [,3]
[1,] 0.1333129 0.007871525 0.4449713
[2,] 0.8957689 0.065143372 0.9741364
[3,] 0.2544803 0.915150502 0.3549224
> m_object <- makeCacheMatrix(m)
> m_inverse <- cacheSolve(m_obj)
> m_inverse
           [,1]       [,2]         [,3]
[1,] -3.6019655  1.6775447 -0.088431309
[2,] -0.2904845 -0.2734395  1.114679308
[3,]  3.3316193 -0.4977532  0.006775278
> m_inverse <- cacheSolve(m_obj)
getting cached data
> m_inverse
           [,1]       [,2]         [,3]
[1,] -3.6019655  1.6775447 -0.088431309
[2,] -0.2904845 -0.2734395  1.114679308
[3,]  3.3316193 -0.4977532  0.006775278
> m %*% m_inverse
     [,1]         [,2]         [,3]
[1,]    1 8.326673e-17 0.000000e+00
[2,]    0 1.000000e+00 4.336809e-18
[3,]    0 8.326673e-17 1.000000e+00
